q145dicea;413;142;145;1.8;0;0
q145s1;413;288;145;3;0;0
q145r3;413;405;145;1.8;0;0
q145r1;413;562;145;1.8;0;0
q145wc1;413;688;145;3;0;0
q145s2;510;688;145;3;0;0
q145s3;510;790;145;1.8;0;0
q145rg2;605;688;145;1.8;0;0
q145rg1;625;318;145;1.8;0;0
q145ema7;413;76;145;1.8;1;1
q145em1;255;268;145;3;0;1
q145u1;661;283;145;1.8;0;1
q145emg1;661;472;145;1.2;0;1
q145emg2;661;518;145;1.2;0;1
q145u2;660;688;145;3;0;1
q145ema3;565;797;145;1.8;0;1
q145u3;255;668;145;1.8;0;1
q145ram;255;716;145;1.8;0;1
q145ea5;741;306;145;1.8;0;1
q145a5;718;337;145;1.8;1;0
q145a3;554;752;145;1.8;1;0
q150dicea1;346;106;150;1.8;0;0
q150g1;346;238;150;1.8;0;0
q150dicea;435;256;150;1.8;0;0
q150strade;232;238;150;3;0;0
q150em1;232;331;150;1.2;0;1
q150wc1;232;590;150;1.8;0;0
q150ram;232;715;150;3;0;0
q150g1g2;346;413;150;1.8;0;0
q150g2;346;548;150;1.8;0;0
q150r2;405;590;150;1.8;0;0
q150s1;473;736;150;3;0;0
q150r1;595;755;150;1.8;0;0
q150rl;595;715;150;1.8;0;0
q150bib;100;802;150;1.8;0;1
q150emrl;782;658;150;1.8;0;1
q150emr1;782;707;150;3;0;1
q150a7;346;36;150;1.8;1;0
q150a5;595;278;150;1.8;1;0
q150a3;470;635;150;1.8;1;0
q155dicea;485;230;155;1.8;0;0
q155r567;510;271;155;1.8;0;0
q155r4;510;335;155;1.8;0;0
q155r4d3;510;385;155;1.8;0;0
q155r23d2;510;463;155;1.8;0;0
q155rd1;510;521;155;1.8;0;0
q155wc1;510;587;155;1.8;0;0
q155u1;369;610;155;3;0;1
q155ecdl;565;645;155;1.8;0;0
q155s1;369;695;155;1.8;0;0
q155wc2;584;708;155;3;0;0
q155em2;369;740;155;1.8;0;1
q155acq;369;792;155;3;0;0
q155em3;296;795;155;3;0;1
q155up;223;798;155;3;0;1
q155cesmi;584;789;155;3;0;0
q155bar;690;779;155;1.8;0;0
q155em1;345;335;155;1.8;0;1
q155a7;483;25;155;1.8;1;0
q155a5;750;279;155;1.8;1;0
q155a3;613;648;155;1.8;1;0